1        1   (0)      1  : 0.3966 0.4975 0.1059
2        2   (0)      1  : 0.5279 0.1024 0.3697
3        3   (0)      1  : 0.0631 0.5577 0.3791
4        4   (0)      1  : 0.0436 0.8255 0.1310
5        5   (0)      1  : 0.4344 0.1235 0.4421
6        6   (0)      1  : 0.3635 0.4198 0.2167
7        7   (0)      1  : 0.0002 0.9991 0.0007
8        8   (0)      1  : 0.0424 0.5722 0.3855
9        9   (0)      1  : 0.3857 0.4476 0.1667
10       10   (0)      1  : 0.4174 0.4413 0.1413
11       11   (0)      1  : 0.2773 0.4978 0.2249
12       12   (0)      1  : 0.4145 0.4851 0.1004
13       13   (0)      1  : 0.5172 0.1091 0.3737
14       14   (0)      1  : 0.3550 0.4594 0.1856
15       15   (0)      1  : 0.5564 0.2469 0.1967
16       16   (0)      1  : 0.0376 0.6003 0.3621
17       17   (0)      1  : 0.2296 0.4489 0.3215
18       18   (0)      1  : 0.2989 0.4379 0.2632
19       19   (0)      1  : 0.0003 0.9982 0.0015
20       20   (0)      1  : 0.5518 0.2701 0.1781
21       21   (0)      1  : 0.2717 0.4811 0.2472
22       22   (0)      1  : 0.0343 0.6047 0.3610
23       23   (0)      1  : 0.4964 0.2886 0.2151
24       24   (0)      1  : 0.0006 0.9917 0.0078
25       25   (0)      1  : 0.3158 0.4558 0.2284
26       26   (0)      1  : 0.0672 0.7478 0.1850
27       27   (0)      1  : 0.0500 0.5839 0.3661
28       28   (0)      1  : 0.3295 0.4436 0.2269
29       29   (0)      1  : 0.2573 0.5465 0.1963
30       30   (0)      1  : 0.3515 0.4412 0.2073
31       31   (0)      1  : 0.5250 0.1111 0.3639
32       32   (0)      1  : 0.0523 0.5667 0.3810
33       33   (0)      1  : 0.0568 0.5909 0.3524
34       34   (0)      1  : 0.7448 0.0012 0.2540
35       35   (0)      1  : 0.2854 0.5003 0.2143
36       36   (0)      1  : 0.0341 0.7978 0.1681
37       37   (0)      1  : 0.7734 0.0006 0.2261
38       38   (0)      1  : 0.4974 0.1161 0.3865
39       39   (0)      1  : 0.1289 0.2067 0.6644
40       40   (0)      1  : 0.0278 0.6374 0.3348
41       41   (0)      1  : 0.0002 0.9988 0.0010
42       42   (0)      1  : 0.3494 0.4914 0.1593
43       43   (0)      1  : 0.5006 0.1134 0.3860
44       44   (0)      1  : 0.3989 0.5100 0.0911
45       45   (0)      1  : 0.3012 0.4884 0.2104
46       46   (0)      1  : 0.3286 0.4551 0.2163
47       47   (0)      1  : 0.7479 0.0131 0.2390
48       48   (0)      1  : 0.0362 0.6000 0.3638
49       49   (0)      2  : 0.2769 0.4404 0.2828
50       50   (0)      2  : 0.0630 0.7482 0.1888
51       51   (0)      2  : 0.0014 0.9978 0.0008
52       52   (0)      2  : 0.4409 0.4279 0.1312
53       53   (0)      2  : 0.4894 0.2918 0.2189
54       54   (0)      2  : 0.1258 0.2094 0.6647
55       55   (0)      2  : 0.0367 0.7730 0.1903
56       56   (0)      2  : 0.0004 0.9976 0.0019
57       57   (0)      2  : 0.3821 0.4640 0.1539
58       58   (0)      2  : 0.3982 0.5375 0.0643
59       59   (0)      2  : 0.2280 0.4570 0.3150
60       60   (0)      2  : 0.0004 0.9926 0.0070
61       61   (0)      2  : 0.3706 0.4660 0.1634
62       62   (0)      2  : 0.5063 0.2833 0.2103
63       63   (0)      2  : 0.2193 0.5538 0.2269
64       64   (0)      2  : 0.2760 0.4741 0.2499
65       65   (0)      2  : 0.3951 0.5209 0.0840
66       66   (0)      2  : 0.1874 0.4810 0.3317
67       67   (0)      2  : 0.0614 0.6036 0.3349
68       68   (0)      2  : 0.2547 0.4707 0.2746
69       69   (0)      2  : 0.3560 0.4735 0.1705
70       70   (0)      2  : 0.5326 0.2679 0.1995
71       71   (0)      2  : 0.0005 0.9978 0.0018
72       72   (0)      2  : 0.0003 0.9988 0.0010
73       73   (0)      2  : 0.3805 0.4474 0.1721
74       74   (0)      2  : 0.0486 0.7670 0.1844
75       75   (0)      2  : 0.0648 0.7559 0.1794
76       76   (0)      2  : 0.5420 0.2586 0.1995
77       77   (0)      2  : 0.0670 0.7306 0.2024
78       78   (0)      2  : 0.3481 0.4745 0.1775
79       79   (0)      2  : 0.0005 0.9988 0.0008
80       80   (0)      2  : 0.0004 0.9990 0.0006
81       81   (0)      3  : 0.5948 0.2446 0.1606
82       82   (0)      3  : 0.0196 0.7839 0.1965
83       83   (0)      3  : 0.5536 0.2633 0.1831
84       84   (0)      3  : 0.0697 0.5468 0.3835
85       85   (0)      3  : 0.8626 0.0008 0.1366
86       86   (0)      3  : 0.3101 0.4683 0.2216
87       87   (0)      3  : 0.0634 0.5377 0.3989
88       88   (0)      3  : 0.3975 0.5006 0.1018
89       89   (0)      3  : 0.0056 0.8173 0.1772
90       90   (0)      3  : 0.2977 0.4335 0.2688
91       91   (0)      3  : 0.4252 0.4988 0.0759
92       92   (0)      3  : 0.2550 0.4962 0.2488
93       93   (0)      3  : 0.5077 0.1122 0.3802
94       94   (0)      3  : 0.0004 0.9984 0.0012
95       95   (0)      3  : 0.0003 0.9988 0.0010
96       96   (0)      3  : 0.5371 0.2799 0.1830
97       97   (0)      3  : 0.0277 0.7851 0.1872
98       98   (0)      3  : 0.2955 0.4959 0.2086
99       99   (0)      3  : 0.8015 0.0004 0.1981
100      100   (0)      3  : 0.9522 0.0003 0.0475
101      101   (0)      3  : 0.9492 0.0005 0.0503
102      102   (0)      3  : 0.9533 0.0004 0.0463
103      103   (0)      3  : 0.0002 0.9987 0.0010
104      104   (0)      3  : 0.3240 0.4963 0.1797
105      105   (0)      3  : 0.0061 0.8240 0.1699
106      106   (0)      3  : 0.3173 0.5077 0.1750
107      107   (0)      3  : 0.2867 0.4883 0.2250
108      108   (0)      3  : 0.9568 0.0025 0.0407
109      109   (0)      3  : 0.9976 0.0006 0.0018
110      110   (0)      3  : 0.9739 0.0011 0.0250
111      111   (0)      4  : 0.0068 0.8417 0.1515
112      112   (0)      4  : 0.0341 0.5612 0.4046
113      113   (0)      4  : 0.0285 0.7896 0.1818
114      114   (0)      4  : 0.0548 0.5497 0.3955
115      115   (0)      4  : 0.0451 0.5995 0.3554
116      116   (0)      4  : 0.9736 0.0003 0.0261
117      117   (0)      4  : 0.9717 0.0003 0.0280
118      118   (0)      4  : 0.0002 0.9990 0.0007
119      119   (0)      4  : 0.4748 0.1371 0.3881
120      120   (0)      4  : 0.0004 0.9985 0.0011
121      121   (0)      4  : 0.2796 0.5394 0.1810
122      122   (0)      4  : 0.5645 0.0981 0.3374
123      123   (0)      4  : 0.9587 0.0006 0.0407
124      124   (0)      4  : 0.9719 0.0002 0.0280
125      125   (0)      4  : 0.9880 0.0003 0.0118
126      126   (0)      4  : 0.0002 0.9992 0.0006
127      127   (0)      4  : 0.0598 0.5703 0.3698
128      128   (0)      4  : 0.2495 0.4921 0.2584
129      129   (0)      4  : 0.0413 0.5481 0.4106
130      130   (0)      4  : 0.4837 0.3026 0.2136
131      131   (0)      4  : 0.9704 0.0003 0.0293
132      132   (0)      4  : 0.9701 0.0002 0.0296
133      133   (0)      4  : 0.9886 0.0008 0.0106
134      134   (0)      4  : 0.0430 0.5510 0.4060
135      135   (0)      4  : 0.4501 0.1253 0.4246
136      136   (0)      4  : 0.0433 0.6499 0.3068
137      137   (0)      4  : 0.0548 0.5667 0.3785
138      138   (0)      4  : 0.9519 0.0021 0.0460
139      139   (0)      4  : 0.9984 0.0002 0.0013
140      140   (0)      4  : 0.9820 0.0007 0.0173
141      141   (0)      2  : 0.0275 0.5929 0.3796
142      142   (0)      2  : 0.0762 0.7271 0.1968
143      143   (0)      2  : 0.7043 0.0355 0.2602
144      144   (0)      2  : 0.1765 0.4934 0.3301
145      145   (0)      2  : 0.9583 0.0080 0.0337
146      146   (0)      2  : 0.9548 0.0009 0.0443
147      147   (0)      5  : 0.9737 0.0007 0.0256
148      148   (0)      5  : 0.9690 0.0023 0.0287
149      149   (0)      5  : 0.0009 0.8351 0.1641
150      150   (0)      5  : 0.1380 0.1991 0.6629
151      151   (0)      5  : 0.3773 0.5956 0.0272
152      152   (0)      5  : 0.0008 0.9958 0.0034
153      153   (0)      5  : 0.9485 0.0121 0.0394
154      154   (0)      5  : 0.9797 0.0007 0.0196
155      155   (0)      5  : 0.9825 0.0004 0.0172
156      156   (0)      5  : 0.0146 0.8039 0.1815
157      157   (0)      5  : 0.1829 0.6543 0.1628
158      158   (0)      5  : 0.1230 0.2110 0.6659
159      159   (0)      5  : 0.3849 0.4723 0.1428
160      160   (0)      5  : 0.9963 0.0009 0.0028
161      161   (0)      5  : 0.9345 0.0085 0.0570
162      162   (0)      5  : 0.9812 0.0036 0.0152
163      163   (0)      5  : 0.0424 0.5545 0.4030
164      164   (0)      5  : 0.0516 0.7700 0.1783
165      165   (0)      5  : 0.0007 0.9820 0.0173
166      166   (0)      5  : 0.3373 0.4686 0.1941
167      167   (0)      5  : 0.9712 0.0005 0.0283
168      168   (0)      5  : 0.9676 0.0004 0.0320
169      169   (0)      5  : 0.9908 0.0003 0.0089
170      170   (0)      5  : 0.2084 0.4993 0.2923
171      171   (0)      5  : 0.3368 0.5525 0.1107
172      172   (0)      5  : 0.5087 0.1089 0.3824
173      173   (0)      5  : 0.4533 0.3414 0.2053
174      174   (0)      5  : 0.9563 0.0036 0.0401
175      175   (0)      5  : 0.9921 0.0002 0.0077
176      176   (0)      5  : 0.9922 0.0003 0.0076
177      177   (0)      5  : 0.5520 0.2554 0.1926
178      178   (0)      5  : 0.2094 0.4857 0.3048
179      179   (0)      5  : 0.0441 0.5585 0.3974
180      180   (0)      5  : 0.1307 0.2041 0.6652
181      181   (0)      5  : 0.9815 0.0003 0.0182
182      182   (0)      5  : 0.9976 0.0003 0.0021
183      183   (0)      5  : 0.9758 0.0008 0.0235
184      184   (0)      6  : 0.0457 0.6007 0.3536
185      185   (0)      6  : 0.2467 0.5116 0.2417
186      186   (0)      6  : 0.1487 0.5187 0.3326
187      187   (0)      6  : 0.0267 0.6095 0.3638
188      188   (0)      6  : 0.2223 0.5221 0.2556
189      189   (0)      6  : 0.1189 0.2162 0.6648
190      190   (0)      6  : 0.0387 0.7845 0.1767
191      191   (0)      6  : 0.8407 0.0005 0.1589
192      192   (0)      6  : 0.3823 0.4385 0.1792
193      193   (0)      6  : 0.3141 0.4771 0.2088
194      194   (0)      6  : 0.3962 0.4320 0.1718
195      195   (0)      6  : 0.0139 0.8136 0.1725
196      196   (0)      6  : 0.1459 0.5210 0.3331
197      197   (0)      6  : 0.2027 0.4654 0.3319
198      198   (0)      6  : 0.0426 0.5652 0.3922
199      199   (0)      6  : 0.0109 0.8365 0.1526
200      200   (0)      6  : 0.0447 0.5869 0.3685
201      201   (0)      6  : 0.3660 0.4605 0.1735
202      202   (0)      6  : 0.0003 0.9990 0.0008
203      203   (0)      6  : 0.0003 0.9971 0.0026
204      204   (0)      6  : 0.0004 0.9921 0.0075
205      205   (0)      6  : 0.1205 0.2136 0.6659
206      206   (0)      6  : 0.1387 0.5281 0.3331
207      207   (0)      6  : 0.0182 0.8012 0.1806
208      208   (0)      6  : 0.3620 0.4426 0.1955
209      209   (0)      6  : 0.0349 0.8142 0.1509
210      210   (0)      6  : 0.0164 0.8095 0.1740
211      211   (0)      6  : 0.0940 0.2409 0.6652
212      212   (0)      6  : 0.2584 0.4948 0.2468
213      213   (0)      6  : 0.5011 0.1115 0.3874
214      214   (0)      6  : 0.0002 0.9986 0.0012
215      215   (0)      6  : 0.5458 0.1004 0.3539
216      216   (0)      6  : 0.0491 0.5494 0.4015
217      217   (0)      6  : 0.3298 0.4876 0.1826
218      218   (0)      6  : 0.2205 0.5300 0.2495
219      219   (0)      6  : 0.2516 0.5540 0.1944
220      220   (0)      6  : 0.0544 0.7798 0.1658
221      221   (0)      6  : 0.3381 0.4789 0.1830
222      222   (0)      6  : 0.0604 0.7525 0.1870
223      223   (0)      6  : 0.1738 0.4938 0.3323
224      224   (0)      6  : 0.0648 0.7965 0.1388
225      225   (0)      7  : 0.4495 0.2099 0.3406
226      226   (0)      7  : 0.3178 0.4452 0.2370
227      227   (0)      7  : 0.4854 0.3004 0.2143
228      228   (0)      7  : 0.0006 0.9982 0.0011
229      229   (0)      7  : 0.0191 0.8423 0.1385
230      230   (0)      7  : 0.4823 0.2827 0.2350
231      231   (0)      7  : 0.5011 0.2815 0.2173
232      232   (0)      7  : 0.0461 0.5744 0.3795
233      233   (0)      7  : 0.0002 0.9988 0.0010
234      234   (0)      7  : 0.0381 0.5815 0.3804
235      235   (0)      7  : 0.1517 0.5262 0.3221
236      236   (0)      7  : 0.4757 0.1526 0.3717
237      237   (0)      7  : 0.2015 0.4915 0.3070
238      238   (0)      7  : 0.0338 0.6259 0.3403
239      239   (0)      7  : 0.2157 0.5440 0.2403
240      240   (0)      7  : 0.3558 0.4717 0.1724
241      241   (0)      7  : 0.0020 0.8289 0.1690
242      242   (0)      7  : 0.2416 0.5278 0.2306
243      243   (0)      7  : 0.0103 0.7988 0.1909
244      244   (0)      7  : 0.5488 0.2533 0.1979
245      245   (0)      7  : 0.4938 0.1348 0.3714
246      246   (0)      7  : 0.1023 0.7280 0.1697
247      247   (0)      7  : 0.0004 0.9987 0.0009
248      248   (0)      7  : 0.0287 0.6382 0.3331
249      249   (0)      7  : 0.2603 0.4999 0.2399
250      250   (0)      7  : 0.0363 0.7773 0.1864
251      251   (0)      7  : 0.0171 0.7920 0.1909
252      252   (0)      7  : 0.0005 0.9800 0.0195
253      253   (0)      7  : 0.0002 0.9985 0.0013
254      254   (0)      7  : 0.0629 0.7451 0.1920
255      255   (0)      7  : 0.0360 0.5762 0.3878
256      256   (0)      7  : 0.0042 0.8150 0.1808
257      257   (0)      7  : 0.0002 0.9960 0.0038
258      258   (0)      7  : 0.0231 0.8179 0.1590
259      259   (0)      7  : 0.0002 0.9982 0.0016
260      260   (0)      7  : 0.0026 0.8363 0.1612
261      261   (0)      7  : 0.0459 0.5716 0.3825
262      262   (0)      7  : 0.0007 0.9913 0.0080
263      263   (0)      7  : 0.0478 0.5772 0.3751
264      264   (0)      7  : 0.0405 0.5787 0.3808
265      265   (0)      7  : 0.0296 0.7860 0.1844
266      266   (0)      7  : 0.1869 0.4808 0.3323
267      267   (0)      7  : 0.0002 0.9993 0.0005
268      268   (0)      7  : 0.6535 0.0680 0.2785
269      269   (0)      7  : 0.5605 0.2504 0.1892
270      270   (0)      7  : 0.1174 0.2170 0.6655
271      271   (0)      7  : 0.4010 0.4251 0.1739
272      272   (0)      7  : 0.0574 0.7665 0.1761
273      273   (0)      7  : 0.0190 0.6163 0.3647
274      274   (0)      7  : 0.1397 0.5275 0.3327
275      275   (0)      7  : 0.0243 0.7997 0.1760
276      276   (0)      7  : 0.1314 0.2082 0.6604
277      277   (0)      7  : 0.0001 0.9995 0.0003
278      278   (0)      7  : 0.5474 0.1001 0.3525
279      279   (0)      7  : 0.3852 0.3387 0.2761
280      280   (0)      8  : 0.9995 0.0002 0.0003
281      281   (0)      8  : 0.9513 0.0010 0.0477
282      282   (0)      8  : 0.9996 0.0002 0.0003
283      283   (0)      8  : 0.9992 0.0004 0.0004
284      284   (0)      8  : 0.9987 0.0004 0.0009
285      285   (0)      8  : 0.9991 0.0003 0.0006
286      286   (0)      8  : 0.9993 0.0003 0.0004
287      287   (0)      8  : 0.9993 0.0003 0.0004
288      288   (0)      8  : 0.9993 0.0002 0.0005
289      289   (0)      8  : 0.9946 0.0002 0.0052
290      290   (0)      8  : 0.9995 0.0002 0.0003
291      291   (0)      8  : 0.9965 0.0014 0.0021
292      292   (0)      8  : 0.9996 0.0001 0.0002
293      293   (0)      8  : 0.9988 0.0004 0.0008
294      294   (0)      8  : 0.9995 0.0002 0.0003
295      295   (0)      8  : 0.9983 0.0003 0.0013
296      296   (0)      8  : 0.9996 0.0002 0.0002
297      297   (0)      8  : 0.9983 0.0006 0.0011
298      298   (0)      8  : 0.9996 0.0002 0.0003
299      299   (0)      8  : 0.9995 0.0002 0.0003
300      300   (0)      8  : 0.9994 0.0002 0.0004
301      301   (0)      8  : 0.9994 0.0002 0.0003
302      302   (0)      8  : 0.9996 0.0002 0.0002
303      303   (0)      8  : 0.9994 0.0002 0.0005
304      304   (0)      8  : 0.9994 0.0002 0.0004
305      305   (0)      9  : 0.9987 0.0006 0.0007
306      306   (0)      9  : 0.9994 0.0002 0.0004
307      307   (0)      9  : 0.9996 0.0002 0.0003
308      308   (0)      9  : 0.9973 0.0009 0.0018
309      309   (0)      9  : 0.9726 0.0062 0.0212
310      310   (0)      9  : 0.9990 0.0005 0.0005
311      311   (0)      9  : 0.9996 0.0002 0.0002
312      312   (0)      9  : 0.9992 0.0003 0.0005
313      313   (0)      9  : 0.9995 0.0002 0.0003
314      314   (0)      9  : 0.9956 0.0009 0.0035
315      315   (0)      9  : 0.9995 0.0002 0.0003
316      316   (0)      9  : 0.9996 0.0002 0.0003
317      317   (0)      9  : 0.9997 0.0001 0.0002
318      318   (0)      9  : 0.9993 0.0003 0.0004
319      319   (0)      9  : 0.9990 0.0004 0.0006
320      320   (0)      9  : 0.9992 0.0004 0.0004
321      321   (0)      9  : 0.9993 0.0002 0.0005
322      322   (0)      9  : 0.9993 0.0003 0.0004
323      323   (0)      9  : 0.9996 0.0002 0.0002
324      324   (0)      9  : 0.9995 0.0002 0.0003
325      325   (0)      9  : 0.9984 0.0009 0.0007
326      326   (0)      9  : 0.9996 0.0002 0.0002
327      327   (0)      9  : 0.9994 0.0003 0.0004
328      328   (0)      9  : 0.9995 0.0002 0.0003
329      329   (0)      9  : 0.9994 0.0002 0.0003
330      330   (0)      9  : 0.9996 0.0002 0.0002
331      331   (0)     10  : 0.9990 0.0004 0.0007
332      332   (0)     10  : 0.9995 0.0002 0.0003
333      333   (0)     10  : 0.9992 0.0003 0.0005
334      334   (0)     10  : 0.9839 0.0004 0.0157
335      335   (0)     10  : 0.5405 0.1208 0.3387
336      336   (0)     10  : 0.9962 0.0002 0.0036
337      337   (0)     10  : 0.4178 0.5297 0.0524
338      338   (0)     10  : 0.6690 0.0792 0.2518
339      339   (0)     10  : 0.7134 0.1758 0.1108
340      340   (0)     10  : 0.6889 0.0748 0.2363
341      341   (0)     10  : 0.9994 0.0002 0.0004
342      342   (0)     10  : 0.9455 0.0009 0.0536
343      343   (0)     10  : 0.6047 0.0933 0.3020
344      344   (0)     10  : 0.6340 0.0845 0.2815
345      345   (0)     10  : 0.9995 0.0002 0.0003
346      346   (0)     10  : 0.4987 0.4992 0.0021
347      347   (0)     10  : 0.6193 0.2371 0.1436
348      348   (0)     10  : 0.9993 0.0003 0.0005
349      349   (0)     10  : 0.5963 0.0954 0.3082
350      350   (0)     10  : 0.6321 0.0885 0.2794
351      351   (0)     10  : 0.6701 0.2068 0.1231
352      352   (0)     10  : 0.9969 0.0014 0.0017
353      353   (0)     10  : 0.6386 0.2084 0.1530
354      354   (0)     10  : 0.6535 0.0848 0.2617
355      355   (0)     10  : 0.9681 0.0029 0.0290
356      356   (0)     10  : 0.9985 0.0004 0.0012
357      357   (0)     10  : 0.7040 0.0771 0.2189
358      358   (0)     10  : 0.6772 0.0797 0.2430
359      359   (0)     10  : 0.4063 0.1500 0.4438
360      360   (0)     10  : 0.9993 0.0003 0.0005
361      361   (0)     10  : 0.6980 0.0747 0.2273
362      362   (0)     10  : 0.6420 0.0841 0.2740
363      363   (0)     10  : 0.6844 0.0798 0.2358
364      364   (0)     10  : 0.9996 0.0002 0.0002
365      365   (0)     10  : 0.9996 0.0001 0.0002
366      366   (0)     10  : 0.9991 0.0002 0.0007
367      367   (0)     10  : 0.9650 0.0006 0.0344
368      368   (0)     10  : 0.9995 0.0002 0.0003
369      369   (0)     10  : 0.9489 0.0011 0.0501
370      370   (0)      8  : 0.9968 0.0004 0.0028
371      371   (0)      8  : 0.9970 0.0014 0.0015
372      372   (0)      8  : 0.9996 0.0001 0.0002
373      373   (0)      8  : 0.9996 0.0001 0.0002
374      374   (0)      8  : 0.9996 0.0002 0.0002
375      375   (0)      8  : 0.9989 0.0006 0.0005
376      376   (0)      8  : 0.9996 0.0002 0.0002
377      377   (0)      8  : 0.9995 0.0001 0.0004
378      378   (0)      8  : 0.9994 0.0003 0.0003
379      379   (0)      8  : 0.9992 0.0003 0.0005
380      380   (0)      8  : 0.9988 0.0003 0.0009
381      381   (0)      8  : 0.9990 0.0003 0.0007
382      382   (0)      8  : 0.9997 0.0001 0.0002
383      383   (0)      8  : 0.9988 0.0002 0.0010
384      384   (0)      8  : 0.9992 0.0004 0.0004
385      385   (0)      8  : 0.9995 0.0002 0.0003
386      386   (0)      8  : 0.9990 0.0004 0.0006
387      387   (0)      8  : 0.9814 0.0010 0.0176
388      388   (0)      8  : 0.9993 0.0003 0.0004
389      389   (0)      8  : 0.9994 0.0002 0.0004
390      390   (0)      8  : 0.9996 0.0002 0.0002
391      391   (0)      8  : 0.9974 0.0013 0.0014
392      392   (0)      8  : 0.9996 0.0002 0.0002
393      393   (0)      8  : 0.9986 0.0003 0.0011
394      394   (0)      8  : 0.9975 0.0013 0.0012
395      395   (0)      8  : 0.9990 0.0002 0.0008
396      396   (0)      8  : 0.9991 0.0002 0.0007
397      397   (0)      8  : 0.9994 0.0002 0.0004
398      398   (0)      8  : 0.9995 0.0002 0.0003
399      399   (0)      8  : 0.9993 0.0003 0.0004
400      400   (0)      8  : 0.9995 0.0002 0.0003
401      401   (0)     11  : 0.9994 0.0003 0.0003
402      402   (0)     11  : 0.9974 0.0006 0.0020
403      403   (0)     11  : 0.9978 0.0007 0.0014
404      404   (0)     11  : 0.9986 0.0004 0.0010
405      405   (0)     11  : 0.9990 0.0003 0.0007
406      406   (0)     11  : 0.9995 0.0002 0.0003
407      407   (0)     11  : 0.9963 0.0004 0.0033
408      408   (0)     11  : 0.6582 0.0825 0.2593
409      409   (0)     11  : 0.9994 0.0002 0.0003
410      410   (0)     11  : 0.9898 0.0013 0.0089
411      411   (0)     11  : 0.6739 0.0837 0.2424
412      412   (0)     11  : 0.9980 0.0012 0.0008
413      413   (0)     11  : 0.9982 0.0008 0.0010
414      414   (0)     11  : 0.9989 0.0002 0.0009
415      415   (0)     11  : 0.9993 0.0002 0.0006
416      416   (0)     11  : 0.9996 0.0002 0.0003
417      417   (0)     11  : 0.9994 0.0002 0.0004
418      418   (0)     11  : 0.7554 0.0589 0.1857
419      419   (0)     11  : 0.9981 0.0008 0.0010
420      420   (0)     11  : 0.9976 0.0004 0.0020
421      421   (0)     11  : 0.9993 0.0002 0.0004
422      422   (0)     11  : 0.6616 0.0830 0.2554
423      423   (0)     11  : 0.9937 0.0004 0.0059
424      424   (0)     11  : 0.7199 0.0705 0.2096
425      425   (0)     11  : 0.9990 0.0004 0.0006
426      426   (0)     11  : 0.9995 0.0002 0.0003
427      427   (0)     11  : 0.9996 0.0002 0.0003
428      428   (0)     11  : 0.5791 0.0971 0.3238
429      429   (0)     12  : 0.1092 0.2250 0.6658
430      430   (0)     12  : 0.1320 0.2017 0.6663
431      431   (0)     12  : 0.4718 0.1109 0.4173
432      432   (0)     12  : 0.0430 0.5419 0.4151
433      433   (0)     12  : 0.0375 0.5935 0.3690
434      434   (0)     12  : 0.0002 0.9985 0.0013
435      435   (0)     12  : 0.0001 0.9995 0.0003
436      436   (0)     12  : 0.1196 0.2141 0.6663
437      437   (0)     12  : 0.0352 0.7994 0.1654
438      438   (0)     12  : 0.2769 0.4859 0.2371
439      439   (0)     12  : 0.0386 0.7838 0.1776
440      440   (0)     12  : 0.5064 0.2827 0.2109
441      441   (0)     12  : 0.4568 0.1122 0.4311
442      442   (0)     12  : 0.1224 0.2113 0.6663
443      443   (0)     12  : 0.0002 0.9974 0.0024
444      444   (0)     12  : 0.2247 0.5267 0.2486
445      445   (0)     12  : 0.0357 0.5869 0.3773
446      446   (0)     12  : 0.0469 0.8272 0.1259
447      447   (0)     12  : 0.1549 0.1916 0.6535
448      448   (0)     12  : 0.0002 0.9989 0.0010
449      449   (0)     12  : 0.0459 0.5577 0.3965
450      450   (0)     12  : 0.5093 0.1057 0.3850
451      451   (0)     12  : 0.5158 0.2761 0.2081
452      452   (0)     12  : 0.0375 0.5961 0.3664
453      453   (0)     12  : 0.0002 0.9985 0.0012
454      454   (0)     12  : 0.1235 0.2101 0.6664
455      455   (0)     12  : 0.2639 0.5266 0.2095
456      456   (0)     12  : 0.0433 0.5579 0.3987
457      457   (0)     12  : 0.1468 0.1938 0.6594
458      458   (0)     12  : 0.0262 0.6034 0.3704
459      459   (0)     12  : 0.0004 0.9884 0.0112
460      460   (0)     12  : 0.0002 0.9991 0.0007
461      461   (0)     12  : 0.0002 0.9990 0.0008
462      462   (0)     12  : 0.0403 0.7810 0.1787
463      463   (0)     12  : 0.1525 0.5143 0.3332
464      464   (0)     12  : 0.0012 0.8262 0.1726
465      465   (0)     12  : 0.0484 0.5589 0.3928
466      466   (0)     12  : 0.0002 0.9992 0.0006
467      467   (0)     12  : 0.0422 0.5781 0.3797
468      468   (0)     12  : 0.1063 0.2275 0.6662
469      469   (0)     12  : 0.3685 0.2877 0.3438
470      470   (0)     12  : 0.3532 0.4606 0.1863
471      471   (0)     12  : 0.0001 0.9991 0.0007
472      472   (0)     12  : 0.0355 0.5749 0.3895
473      473   (0)     12  : 0.5212 0.1099 0.3689
474      474   (0)     12  : 0.3189 0.4685 0.2126
475      475   (0)     12  : 0.0304 0.7955 0.1741
476      476   (0)     12  : 0.2424 0.5086 0.2490
477      477   (0)     12  : 0.0381 0.5481 0.4138
478      478   (0)     12  : 0.0460 0.5422 0.4118
479      479   (0)     12  : 0.0437 0.5785 0.3777
480      480   (0)     12  : 0.2872 0.4881 0.2247
481      481   (0)     12  : 0.4820 0.2993 0.2188
482      482   (0)     12  : 0.2536 0.4926 0.2538
483      483   (0)     12  : 0.0001 0.9994 0.0005
484      484   (0)     12  : 0.2986 0.4832 0.2182
485      485   (0)     12  : 0.0393 0.5957 0.3649
486      486   (0)     12  : 0.0435 0.5942 0.3623
487      487   (0)     12  : 0.3034 0.4677 0.2289
488      488   (0)     12  : 0.0394 0.5869 0.3737
489      489   (0)     12  : 0.1318 0.5354 0.3328
490      490   (0)     12  : 0.0406 0.5818 0.3776
491      491   (0)     12  : 0.4705 0.3070 0.2225
492      492   (0)     12  : 0.2593 0.4861 0.2546
493      493   (0)     12  : 0.0049 0.8115 0.1836
494      494   (0)     12  : 0.3002 0.4656 0.2342
495      495   (0)     12  : 0.5450 0.2518 0.2032
496      496   (0)     12  : 0.0178 0.8073 0.1749
497      497   (0)     12  : 0.0357 0.5959 0.3684
498      498   (0)     12  : 0.0395 0.5752 0.3853
499      499   (0)     12  : 0.2122 0.5371 0.2507
500      500   (0)     12  : 0.3082 0.4804 0.2115
501      501   (0)     12  : 0.0002 0.9993 0.0005
502      502   (0)     12  : 0.0764 0.7437 0.1799
503      503   (0)     12  : 0.3068 0.4620 0.2312
504      504   (0)     12  : 0.3592 0.4452 0.1955
505      505   (0)     12  : 0.0352 0.5773 0.3875
506      506   (0)     12  : 0.0011 0.8256 0.1733
507      507   (0)     12  : 0.2923 0.4674 0.2403
508      508   (0)     12  : 0.3133 0.4943 0.1924
509      509   (0)     12  : 0.5054 0.1135 0.3812
510      510   (0)     13  : 0.1735 0.5287 0.2977
511      511   (0)     13  : 0.0005 0.9974 0.0021
512      512   (0)     13  : 0.0398 0.6459 0.3143
513      513   (0)     13  : 0.0131 0.8263 0.1606
514      514   (0)     13  : 0.4375 0.1349 0.4276
515      515   (0)     13  : 0.2572 0.5749 0.1680
516      516   (0)     13  : 0.0397 0.7794 0.1809
517      517   (0)     13  : 0.0448 0.6499 0.3054
518      518   (0)     13  : 0.0006 0.8287 0.1706
519      519   (0)     13  : 0.1130 0.2211 0.6659
520      520   (0)     13  : 0.0277 0.6246 0.3477
521      521   (0)     13  : 0.0003 0.9979 0.0018
522      522   (0)     13  : 0.0363 0.5803 0.3834
523      523   (0)     13  : 0.0004 0.9970 0.0025
524      524   (0)     13  : 0.3610 0.2126 0.4264
525      525   (0)     13  : 0.0434 0.6535 0.3031
526      526   (0)     13  : 0.0285 0.6061 0.3655
527      527   (0)     13  : 0.0336 0.7904 0.1760
528      528   (0)     13  : 0.0407 0.6174 0.3419
529      529   (0)     13  : 0.0169 0.8148 0.1683
530      530   (0)     13  : 0.0001 0.9994 0.0005
531      531   (0)     13  : 0.0271 0.8057 0.1673
532      532   (0)     13  : 0.0002 0.9992 0.0006
533      533   (0)     13  : 0.0005 0.9984 0.0012
534      534   (0)     13  : 0.0338 0.6322 0.3340
535      535   (0)     13  : 0.3135 0.4774 0.2091
536      536   (0)     13  : 0.3085 0.5320 0.1595
537      537   (0)     13  : 0.0004 0.9355 0.0641
538      538   (0)     13  : 0.0004 0.9985 0.0011
539      539   (0)     13  : 0.0193 0.8178 0.1630
540      540   (0)     13  : 0.3355 0.5769 0.0876
541      541   (0)     13  : 0.0012 0.8166 0.1822
542      542   (0)     13  : 0.0505 0.5442 0.4053
543      543   (0)     13  : 0.0201 0.8578 0.1221
544      544   (0)     13  : 0.0347 0.6104 0.3549
545      545   (0)     13  : 0.0446 0.6069 0.3485
546      546   (0)     13  : 0.0456 0.5549 0.3995
547      547   (0)     13  : 0.4641 0.1219 0.4139
548      548   (0)     13  : 0.5331 0.1194 0.3475
549      549   (0)     13  : 0.0011 0.9962 0.0027
550      550   (0)     13  : 0.0421 0.7706 0.1873
551      551   (0)     13  : 0.0618 0.7310 0.2072
552      552   (0)     13  : 0.1568 0.5456 0.2976
553      553   (0)     13  : 0.0391 0.7947 0.1662
554      554   (0)     13  : 0.2535 0.5262 0.2203
555      555   (0)     13  : 0.0004 0.9859 0.0136
556      556   (0)     13  : 0.0002 0.9755 0.0243
557      557   (0)     13  : 0.0645 0.5390 0.3965
558      558   (0)     13  : 0.1267 0.2269 0.6464
559      559   (0)     13  : 0.3232 0.4904 0.1865
560      560   (0)     13  : 0.0002 0.9990 0.0008
561      561   (0)     13  : 0.0449 0.5571 0.3980
562      562   (0)     13  : 0.0010 0.9800 0.0190
563      563   (0)     13  : 0.0002 0.9985 0.0013
564      564   (0)     13  : 0.0004 0.9949 0.0048
565      565   (0)     13  : 0.0317 0.7925 0.1758
566      566   (0)     13  : 0.0108 0.8063 0.1829
567      567   (0)     13  : 0.0003 0.9971 0.0027
568      568   (0)     13  : 0.0014 0.9973 0.0013
569      569   (0)     13  : 0.1332 0.2024 0.6644
570      570   (0)     13  : 0.0268 0.6210 0.3522
571      571   (0)     13  : 0.0528 0.7727 0.1745
572      572   (0)     13  : 0.0003 0.9980 0.0017
573      573   (0)     13  : 0.0003 0.9930 0.0067
574      574   (0)     13  : 0.7542 0.0029 0.2429
575      575   (0)     13  : 0.2275 0.5739 0.1986
576      576   (0)     13  : 0.0600 0.8187 0.1213
577      577   (0)     13  : 0.0380 0.6282 0.3338
578      578   (0)     13  : 0.0138 0.8330 0.1531
579      579   (0)     13  : 0.0137 0.8151 0.1712
580      580   (0)     13  : 0.1788 0.4882 0.3330
581      581   (0)     13  : 0.4977 0.3005 0.2018
582      582   (0)     13  : 0.2818 0.5518 0.1663
583      583   (0)     13  : 0.4820 0.3057 0.2123
584      584   (0)     13  : 0.2731 0.5079 0.2190
585      585   (0)     13  : 0.0446 0.5665 0.3889
586      586   (0)     13  : 0.0349 0.6222 0.3429
587      587   (0)     13  : 0.3119 0.4661 0.2220
588      588   (0)     13  : 0.5848 0.2324 0.1828
589      589   (0)     13  : 0.0370 0.6153 0.3477
590      590   (0)     13  : 0.2618 0.5833 0.1549
591      591   (0)     13  : 0.0557 0.5664 0.3779
592      592   (0)     13  : 0.4348 0.2159 0.3493
593      593   (0)     13  : 0.0006 0.9954 0.0040
594      594   (0)     13  : 0.0209 0.7963 0.1828
595      595   (0)     13  : 0.0003 0.9989 0.0008
596      596   (0)     13  : 0.0299 0.6226 0.3475
597      597   (0)     13  : 0.3081 0.5808 0.1111
598      598   (0)     13  : 0.0003 0.9973 0.0024
599      599   (0)     13  : 0.1010 0.7425 0.1565
600      600   (0)     13  : 0.0739 0.7314 0.1947
601      601   (0)     13  : 0.0580 0.6044 0.3376
602      602   (0)     13  : 0.0645 0.7482 0.1873
603      603   (0)     14  : 0.0419 0.6201 0.3380
604      604   (0)     15  : 0.0001 0.9992 0.0006
605      605   (0)     15  : 0.0022 0.8268 0.1709
606      606   (0)     15  : 0.0002 0.9982 0.0016
607      607   (0)     14  : 0.1357 0.5783 0.2860
608      608   (0)     15  : 0.0315 0.6249 0.3436
609      609   (0)     14  : 0.0409 0.5922 0.3669
610      610   (0)     15  : 0.2744 0.5089 0.2167
611      611   (0)     15  : 0.0001 0.9996 0.0003
612      612   (0)     15  : 0.0394 0.7928 0.1678
613      613   (0)     15  : 0.0253 0.8146 0.1601
614      614   (0)     15  : 0.0004 0.9990 0.0007
615      615   (0)     14  : 0.0538 0.6009 0.3453
616      616   (0)     14  : 0.0513 0.7744 0.1742
617      617   (0)     14  : 0.0041 0.8412 0.1547
618      618   (0)     14  : 0.0001 0.9991 0.0008
619      619   (0)     14  : 0.0001 0.9994 0.0005
620      620   (0)     14  : 0.0398 0.6124 0.3478
621      621   (0)     15  : 0.0001 0.9993 0.0006
622      622   (0)     14  : 0.3072 0.5456 0.1472
623      623   (0)     15  : 0.2451 0.5320 0.2229
624      624   (0)     15  : 0.0483 0.5796 0.3721
625      625   (0)     15  : 0.0012 0.8301 0.1687
626      626   (0)     15  : 0.0431 0.6044 0.3525
627      627   (0)     14  : 0.0006 0.8372 0.1622
628      628   (0)     14  : 0.0002 0.9994 0.0004
629      629   (0)     14  : 0.0401 0.5814 0.3785
630      630   (0)     14  : 0.0932 0.2578 0.6490
631      631   (0)     14  : 0.0472 0.6163 0.3365
632      632   (0)     14  : 0.0002 0.9986 0.0012
633      633   (0)     15  : 0.0126 0.8262 0.1613
634      634   (0)     14  : 0.0325 0.6290 0.3385
635      635   (0)     15  : 0.0375 0.6180 0.3445
636      636   (0)     15  : 0.0002 0.9989 0.0009
637      637   (0)     15  : 0.0331 0.5984 0.3685
638      638   (0)     15  : 0.0002 0.9994 0.0004
639      639   (0)     15  : 0.0429 0.6198 0.3373
640      640   (0)     15  : 0.0255 0.6104 0.3641
641      641   (0)     14  : 0.0035 0.8345 0.1620
642      642   (0)     14  : 0.0002 0.9991 0.0007
643      643   (0)     14  : 0.0001 0.9992 0.0006
644      644   (0)     14  : 0.1989 0.6021 0.1990
645      645   (0)     14  : 0.0002 0.9985 0.0013
646      646   (0)     14  : 0.0059 0.8316 0.1624
647      647   (0)     15  : 0.2465 0.5616 0.1920
648      648   (0)     14  : 0.0005 0.8424 0.1572
649      649   (0)     15  : 0.2612 0.5077 0.2311
650      650   (0)     15  : 0.0001 0.9778 0.0221
651      651   (0)     15  : 0.0002 0.9933 0.0065
652      652   (0)     15  : 0.2425 0.5972 0.1603
653      653   (0)     15  : 0.0476 0.5785 0.3739
654      654   (0)     15  : 0.0002 0.9982 0.0016
655      655   (0)     14  : 0.0001 0.9991 0.0007
656      656   (0)     14  : 0.0001 0.9993 0.0006
657      657   (0)     14  : 0.0002 0.9992 0.0007
658      658   (0)     14  : 0.0002 0.9972 0.0026
659      659   (0)     14  : 0.0402 0.5824 0.3774
660      660   (0)     14  : 0.0004 0.9960 0.0036
661      661   (0)     14  : 0.0147 0.8087 0.1767
662      662   (0)     15  : 0.0220 0.8086 0.1694
663      663   (0)     14  : 0.0004 0.9971 0.0025
664      664   (0)     15  : 0.0002 0.9980 0.0017
665      665   (0)     14  : 0.2779 0.5166 0.2056
666      666   (0)     15  : 0.4380 0.3587 0.2033
667      667   (0)     15  : 0.4902 0.3020 0.2079
668      668   (0)     15  : 0.3363 0.5029 0.1608
669      669   (0)     15  : 0.4267 0.1414 0.4319
670      670   (0)     15  : 0.0314 0.7984 0.1702
671      671   (0)     14  : 0.0190 0.8204 0.1606
672      672   (0)     14  : 0.0001 0.9993 0.0006
673      673   (0)     14  : 0.0861 0.2651 0.6488
674      674   (0)     14  : 0.0001 0.9995 0.0004
675      675   (0)     14  : 0.2866 0.4985 0.2149
676      676   (0)     14  : 0.0306 0.6257 0.3437
677      677   (0)     14  : 0.0003 0.9970 0.0026
678      678   (0)     15  : 0.0356 0.5920 0.3724
679      679   (0)     14  : 0.0116 0.8252 0.1633
680      680   (0)     15  : 0.2713 0.5131 0.2156
681      681   (0)     14  : 0.3024 0.4844 0.2132
682      682   (0)     15  : 0.0329 0.6016 0.3655
683      683   (0)     15  : 0.0433 0.7844 0.1723
684      684   (0)     15  : 0.1235 0.2108 0.6657
685      685   (0)     15  : 0.4479 0.3307 0.2214
686      686   (0)     15  : 0.0001 0.9987 0.0011
687      687   (0)     14  : 0.0420 0.5944 0.3637
688      688   (0)     14  : 0.0002 0.9989 0.0009
689      689   (0)     14  : 0.0002 0.9979 0.0019
690      690   (0)     14  : 0.0379 0.6012 0.3609
691      691   (0)     14  : 0.0001 0.9993 0.0006
692      692   (0)     14  : 0.0001 0.9992 0.0007
693      693   (0)     15  : 0.0002 0.9975 0.0023
694      694   (0)     14  : 0.0090 0.8134 0.1776
695      695   (0)     15  : 0.1042 0.2298 0.6660
696      696   (0)     15  : 0.2376 0.5085 0.2540
697      697   (0)     15  : 0.0438 0.5884 0.3678
698      698   (0)     15  : 0.0002 0.9981 0.0017
699      699   (0)     15  : 0.0420 0.7815 0.1765
700      700   (0)     14  : 0.0690 0.7527 0.1782
701      701   (0)     14  : 0.0087 0.8345 0.1568
702      702   (0)     14  : 0.0002 0.9972 0.0026
703      703   (0)     14  : 0.3039 0.4773 0.2189
704      704   (0)     14  : 0.0383 0.7973 0.1645
705      705   (0)      8  : 0.9995 0.0002 0.0003
706      706   (0)      8  : 0.9992 0.0004 0.0004
707      707   (0)      8  : 0.9992 0.0004 0.0004
708      708   (0)      9  : 0.9990 0.0004 0.0006
709      709   (0)      9  : 0.9996 0.0002 0.0003
710      710   (0)     16  : 0.9993 0.0002 0.0005
711      711   (0)     16  : 0.9944 0.0002 0.0054
712      712   (0)     16  : 0.9988 0.0003 0.0009
713      713   (0)     16  : 0.9991 0.0003 0.0006
714      714   (0)     16  : 0.9868 0.0089 0.0043
715      715   (0)     16  : 0.9945 0.0003 0.0053
716      716   (0)     16  : 0.9994 0.0003 0.0003
717      717   (0)     16  : 0.9995 0.0002 0.0003
718      718   (0)     16  : 0.9554 0.0210 0.0235
719      719   (0)     16  : 0.9991 0.0003 0.0006
720      720   (0)     16  : 0.9993 0.0003 0.0004
721      721   (0)     16  : 0.9992 0.0002 0.0006
722      722   (0)     16  : 0.9986 0.0003 0.0011
723      723   (0)     16  : 0.9986 0.0002 0.0011
724      724   (0)     16  : 0.9833 0.0015 0.0152
725      725   (0)     16  : 0.9891 0.0004 0.0105
726      726   (0)     16  : 0.9993 0.0002 0.0005
727      727   (0)     16  : 0.9995 0.0002 0.0004
728      728   (0)     16  : 0.9925 0.0002 0.0073
729      729   (0)     16  : 0.9994 0.0002 0.0003
730      730   (0)     16  : 0.9991 0.0004 0.0006
731      731   (0)     16  : 0.9995 0.0002 0.0003
732      732   (0)     16  : 0.9992 0.0003 0.0005
733      733   (0)     16  : 0.9953 0.0031 0.0016
734      734   (0)     16  : 0.9994 0.0002 0.0003
735      735   (0)     16  : 0.9993 0.0002 0.0004
736      736   (0)     16  : 0.9950 0.0008 0.0043
737      737   (0)     16  : 0.9995 0.0002 0.0003
738      738   (0)     16  : 0.9980 0.0003 0.0017
739      739   (0)     16  : 0.9988 0.0003 0.0009
740      740   (0)     16  : 0.9991 0.0004 0.0006
741      741   (0)     16  : 0.9978 0.0012 0.0010
742      742   (0)     17  : 0.9993 0.0003 0.0004
743      743   (0)     17  : 0.9992 0.0002 0.0005
744      744   (0)     17  : 0.9965 0.0007 0.0028
745      745   (0)     17  : 0.9995 0.0002 0.0003
746      746   (0)     17  : 0.9887 0.0005 0.0108
747      747   (0)     17  : 0.9989 0.0002 0.0009
748      748   (0)     17  : 0.9996 0.0002 0.0002
749      749   (0)     18  : 0.9992 0.0003 0.0005
750      750   (0)     18  : 0.9985 0.0002 0.0013
751      751   (0)     18  : 0.9990 0.0002 0.0008
752      752   (0)     18  : 0.5905 0.0958 0.3136
753      753   (0)     18  : 0.9996 0.0001 0.0002
754      754   (0)     18  : 0.9926 0.0029 0.0046
755      755   (0)     18  : 0.6725 0.0795 0.2480
756      756   (0)     18  : 0.9848 0.0047 0.0105
757      757   (0)     18  : 0.6660 0.0793 0.2548
758      758   (0)     18  : 0.9995 0.0002 0.0003
759      759   (0)     18  : 0.7227 0.0671 0.2102
760      760   (0)     18  : 0.9996 0.0002 0.0002
761      761   (0)     18  : 0.9993 0.0002 0.0004
762      762   (0)     18  : 0.9994 0.0002 0.0004
763      763   (0)     18  : 0.9992 0.0003 0.0005
764      764   (0)     18  : 0.6782 0.0794 0.2423
765      765   (0)     18  : 0.9996 0.0002 0.0002
766      766   (0)     18  : 0.9989 0.0004 0.0007
767      767   (0)     18  : 0.9995 0.0002 0.0002
768      768   (0)     18  : 0.9996 0.0001 0.0002
769      769   (0)     18  : 0.9950 0.0006 0.0044
770      770   (0)     18  : 0.9994 0.0003 0.0003
771      771   (0)     18  : 0.6985 0.0703 0.2313
772      772   (0)     18  : 0.9996 0.0002 0.0003
773      773   (0)     18  : 0.9996 0.0002 0.0003
774      774   (0)     18  : 0.9955 0.0014 0.0031
775      775   (0)     18  : 0.9995 0.0002 0.0003
776      776   (0)     18  : 0.9994 0.0002 0.0004
777      777   (0)     18  : 0.6815 0.0806 0.2379
778      778   (0)     18  : 0.9993 0.0003 0.0004
779      779   (0)     18  : 0.9984 0.0007 0.0010
780      780   (0)     18  : 0.9994 0.0002 0.0004
781      781   (0)     19  : 0.9547 0.0039 0.0414
782      782   (0)     19  : 0.9993 0.0002 0.0006
783      783   (0)     19  : 0.9976 0.0002 0.0022
784      784   (0)     19  : 0.0422 0.6396 0.3182
785      785   (0)     19  : 0.9995 0.0002 0.0003
786      786   (0)     19  : 0.9981 0.0005 0.0014
787      787   (0)     19  : 0.9995 0.0002 0.0003
788      788   (0)     19  : 0.9993 0.0002 0.0005
789      789   (0)     19  : 0.9994 0.0002 0.0004
790      790   (0)     19  : 0.9994 0.0002 0.0004
791      791   (0)     19  : 0.9990 0.0003 0.0006
792      792   (0)     19  : 0.9981 0.0009 0.0009
793      793   (0)     19  : 0.9988 0.0003 0.0009
794      794   (0)     19  : 0.6356 0.0899 0.2745
795      795   (0)     20  : 0.9942 0.0040 0.0018
796      796   (0)     20  : 0.9995 0.0002 0.0003
797      797   (0)     20  : 0.9993 0.0004 0.0003
798      798   (0)     20  : 0.9994 0.0002 0.0005
799      799   (0)     20  : 0.9992 0.0003 0.0004
800      800   (0)     20  : 0.9994 0.0002 0.0004
801      801   (0)     20  : 0.9832 0.0002 0.0166
802      802   (0)     20  : 0.9993 0.0003 0.0004
803      803   (0)     20  : 0.9862 0.0002 0.0136
804      804   (0)     20  : 0.9996 0.0002 0.0002
805      805   (0)     20  : 0.9988 0.0004 0.0008
806      806   (0)     20  : 0.9996 0.0002 0.0003
807      807   (0)     20  : 0.9989 0.0002 0.0009
808      808   (0)     20  : 0.9989 0.0004 0.0007
809      809   (0)     20  : 0.9996 0.0001 0.0002
810      810   (0)     20  : 0.9993 0.0003 0.0004
811      811   (0)     20  : 0.9994 0.0002 0.0004
812      812   (0)     20  : 0.9976 0.0004 0.0020
813      813   (0)     20  : 0.6587 0.0811 0.2602
814      814   (0)     20  : 0.9993 0.0003 0.0004
815      815   (0)     20  : 0.9995 0.0002 0.0003
816      816   (0)     20  : 0.9995 0.0002 0.0003
817      817   (0)     20  : 0.9989 0.0004 0.0006
818      818   (0)     20  : 0.9994 0.0002 0.0004
819      819   (0)     20  : 0.9996 0.0002 0.0002
820      820   (0)     20  : 0.9994 0.0003 0.0003
821      821   (0)     20  : 0.9996 0.0002 0.0002
822      822   (0)     20  : 0.9996 0.0002 0.0002
823      823   (0)     20  : 0.9982 0.0003 0.0015
824      824   (0)     20  : 0.9973 0.0008 0.0019
825      825   (0)     20  : 0.9974 0.0007 0.0019
826      826   (0)     20  : 0.9985 0.0003 0.0011
